200 6454 6576 822 37 5673588
100 6669 6368 888 28 5887546
200 6455 6578 821 24 5674088
100 6670 6368 888 30 5888046
200 6456 6576 820 22 5674588
100 6671 6368 888 26 5888546
200 6457 6576 820 24 5675089
100 6672 6368 888 29 5889046
200 6458 6576 820 26 5675588
100 6673 6368 888 27 5889548
200 6459 6576 818 25 5676088
100 6674 6368 888 28 5890047
200 6460 6577 818 23 5676588
100 6675 6367 888 21 5890546
200 6461 6577 816 24 5677089
100 6676 6368 888 30 5891047
200 6462 6576 816 17 5677588
100 6677 6369 888 28 5891546
200 6463 6576 816 24 5678088
100 6678 6368 888 29 5892046
200 6464 6576 814 24 5678588
100 6679 6368 888 27 5892546
200 6465 6576 814 25 5679088
100 6680 6368 888 14 5893046
200 6466 6575 814 25 5679588
100 6681 6368 888 25 5893546
200 6467 6576 814 15 5680088
100 6682 6368 888 28 5894046
200 6468 6575 814 19 5680588
100 6683 6368 888 26 5894546
200 6469 6575 814 24 5681088
100 6684 6368 888 28 5895046
200 6470 6575 814 23 5681589
100 6685 6368 888 29 5895546
200 6471 6576 814 25 5682089
100 6686 6368 888 26 5896048
200 6472 6576 814 30 5682588
100 6687 6368 888 28 5896546
200 6473 6576 814 24 5683088
100 6688 6368 888 26 5897046
200 6474 6575 814 24 5683590
100 6689 6368 888 28 5897547
200 6475 6575 814 21 5684088
100 6690 6368 888 26 5898046
200 6476 6574 814 23 5684588
100 6691 6369 888 16 5898546
200 6477 6574 814 25 5685088
100 6692 6368 888 25 5899046
200 6478 6574 816 20 5685588
100 6693 6368 888 28 5899546
200 6479 6574 816 26 5686088
100 6694 6368 888 25 5900046
200 6480 6574 816 25 5686589
100 6695 6368 888 27 5900546
200 6481 6575 816 25 5687088
100 6696 6368 888 27 5901046
200 6482 6574 817 26 5687590
100 6697 6368 889 29 5901546
200 6484 6570 818 21 5689554
100 6700 6364 890 28 5903910
200 6485 6569 820 24 5690558
100 6701 6365 890 21 5904906
200 6487 6568 822 21 5692555
100 6703 6363 891 28 5906907
200 6488 6567 822 22 5693556
100 6704 6364 892 27 5907909
200 6489 6567 820 29 5694556
100 6705 6362 892 29 5908908
200 6490 6566 820 26 5695555
100 6707 6363 892 28 5910906
200 6492 6567 817 25 5697555
100 6708 6362 893 28 5911906
200 6493 6565 817 23 5698554
100 6709 6363 892 28 5912905
200 6494 6565 817 22 5699556
100 6710 6362 892 28 5913907
200 6495 6564 816 26 5700557
100 6711 6362 892 28 5914905
200 6496 6564 816 24 5701556
100 6712 6362 891 36 5915905
200 6497 6564 816 24 5702556
100 6713 6362 890 27 5916906
200 6498 6563 814 22 5703557
100 6714 6363 890 25 5917905
200 6499 6563 814 22 5704557
100 6715 6362 890 28 5918907
200 6500 6562 816 12 5705555
100 6716 6362 888 33 5919907
200 6501 6562 815 22 5706556
100 6717 6362 887 28 5920906
200 6502 6562 816 22 5707555
100 6718 6362 887 27 5921907
200 6503 6562 816 25 5708554
100 6719 6360 886 20 5922907
200 6504 6562 818 22 5709559
100 6720 6362 886 26 5923909
200 6505 6561 818 25 5710554
100 6721 6362 885 26 5924907
200 6506 6560 818 25 5711554
100 6722 6361 885 28 5925906
200 6507 6561 818 24 5712556
100 6723 6362 884 29 5926905
200 6508 6561 820 24 5713556
100 6724 6361 885 35 5927905
200 6509 6560 820 26 5714554
100 6725 6362 884 28 5928907
200 6510 6560 822 24 5715554
100 6726 6361 886 33 5929905
200 6511 6560 822 20 5716555
100 6727 6361 886 29 5930905
200 6512 6560 824 24 5717555
100 6728 6361 885 28 5931905
200 6513 6560 825 24 5718555
100 6729 6361 886 29 5932905
200 6514 6560 825 23 5719554
100 6730 6360 886 27 5933905
200 6515 6559 824 25 5720554
100 6731 6360 886 28 5934905
200 6516 6558 824 23 5721554
100 6732 6362 886 26 5935905
200 6517 6558 824 24 5722555
100 6733 6361 886 27 5936905
200 6518 6558 824 23 5723554
100 6734 6360 886 22 5937905
200 6519 6558 825 24 5724555
100 6735 6360 885 28 5938905
200 6521 6557 826 24 5726554
100 6737 6361 886 27 5940905
200 6522 6558 826 31 5727554
100 6738 6360 886 27 5941908
200 6523 6557 827 24 5728555
100 6739 6361 886 27 5942906
200 6524 6557 828 28 5729555
100 6740 6360 885 28 5943905
200 6525 6555 830 24 5730554
100 6741 6361 885 23 5944906
200 6526 6556 830 24 5731555
100 6742 6360 886 27 5945907
200 6527 6556 832 17 5732554
100 6743 6361 886 30 5946905
200 6528 6556 833 1 5733554
100 6744